No,case_number
1,1
2,2
3,3
4,4
5,5
6,6
7,7
8,8
9,9
10,11
11,12
12,13
13,14
14,15
15,16
16,17
17,18
18,19
19,20
20,21
21,22
22,23
23,24
24,25
25,26
26,27
27,28
28,29
29,30
30,31
31,32
32,33
33,34
34,35
35,36
36,37
37,38
38,39
39,40
40,41
41,42
42,43
43,44
44,45
45,46
46,47
47,48
48,49
49,50
50,51
51,52
52,53
53,54
54,55
55,56
56,57
57,58
58,59
59,60
60,61
61,62
62,63
63,64
64,65
65,66
66,67
67,68
68,69
69,70
70,71
71,72
72,73
73,74
74,75
75,76
76,78
77,79
78,80
79,81
80,82
81,83
82,84
83,85
84,86
85,87
86,88
87,89
88,90
89,91
90,92
91,93
92,94
93,95
94,96
95,97
96,98
97,99
98,100
99,102
100,103
101,104
102,105
103,106
104,107
105,108
106,109
107,110
108,111
109,112
110,113
111,114
112,115
113,116
114,117
115,118
116,119
117,120
118,121
119,122
120,123
121,124
122,125
123,126
124,127
125,128
126,129
127,130
128,131
129,132
130,133
131,134
132,135
133,136
134,137
135,138
136,139
137,140
138,141
139,142
140,143
141,144
142,145
143,146
144,147
145,148
146,149
147,150
148,151
149,152
150,153
151,154
152,155
153,156
154,157
155,158
156,159
157,160
158,161
159,162
160,163
161,164
162,165
163,166
164,167
165,168
166,169
167,170
168,171
169,172
170,173
171,174
172,175
173,176
174,177
175,178
176,179
177,180
178,181
179,182
180,183
181,184
182,185
183,186
184,187
185,188
186,189
187,190
188,191
189,192
190,193
191,194
192,195
193,196
194,197
195,198
196,199
197,200
198,201
199,202
200,203
201,204
202,205
203,206
204,207
205,208
206,209
207,210
208,211
209,212
210,213
211,214
212,215
213,216
214,217
215,218
216,219
217,220
218,221
219,222
220,223
221,224
222,225
223,226
224,227
225,228
226,229
227,230
228,231
229,232
230,233
231,234
232,235
233,236
234,237
235,238
236,239
237,240
238,241
239,242
240,243
241,244
242,245
243,246
244,247
245,248
246,249
247,250
248,251
249,252
250,253
251,254
252,255
253,256
254,257
255,258
256,259
257,260
258,261
259,262
260,263
261,264
262,265
263,266
264,267
265,268
266,269
267,270
268,271
269,272
270,273
271,274
272,275
273,276
274,277
275,278
276,279
277,280
278,281
279,282
280,283
281,284
282,285
283,286
284,287
285,288
286,289
287,290
288,291
289,292
290,293
291,294
292,295
293,296
294,297
295,298
296,299
297,300
298,301
299,302
300,303
301,304
302,305
303,306
304,307
305,308
306,309
307,310
308,311
309,312
310,313
311,314
312,315
313,316
314,317
315,318
316,319
317,320
318,321
319,322
320,323
321,324
322,325
323,326
324,327
325,328
326,329
327,330
328,331
329,332
330,333
331,334
332,335
333,336
334,337
335,338
336,339
337,340
338,341
339,342
340,343
341,344
342,345
343,346
344,347
345,348
346,349
347,350
348,351
349,352
350,353
351,354
352,355
353,356
354,357
355,358
356,359
357,360
358,361
359,362
360,363
361,364
362,365
363,366
364,367
365,368
366,369
367,370
368,371
369,372
370,373
371,374
372,375
373,376
374,377
375,378
376,379
377,380
378,381
379,382
380,383
381,384
382,385
383,386
384,387
385,388
386,389
387,390
388,391
389,392
390,393
391,394
392,395
393,396
394,397
395,398
396,399
397,400
398,401
399,402
400,403
401,404
402,405
403,406
404,407
405,408
406,409
407,410
408,411
409,412
410,413
411,414
412,415
413,416
414,417
415,418
416,419
417,420
418,421
419,422
420,423
421,425
422,426
423,428
424,429
425,430
426,431
427,433
428,434
429,435
430,436
431,437
432,438
433,439
434,440
435,441
436,442
437,443
438,444
439,445
440,446
441,447
442,448
443,449
444,450
445,451
446,452
447,453
448,454
449,455
450,456
451,457
452,458
453,459
454,460
455,461
456,462
457,463
458,464
459,465
460,466
461,467
462,468
463,469
464,470
465,471
466,472
467,473
468,474
469,475
470,476
471,477
472,478
473,479
474,480
475,481
476,482
477,483
478,484
479,485
480,486
481,487
482,488
483,489
484,490
485,491
486,492
487,493
488,494
489,495
490,496
491,497
492,498
493,499
494,500
495,501
496,502
497,503
498,504
499,505
500,506
501,507
502,508
503,509
504,510
505,511
506,512
507,513
508,514
509,515
510,516
511,517
512,518
513,519
514,520
515,521
516,522
517,523
518,524
519,525
520,526
521,527
522,528
523,529
524,530
525,531
526,532
527,533
528,534
529,535
530,536
531,537
532,538
533,539
534,540
535,541
536,542
537,543
538,544
539,545
540,546
541,547
542,548
543,549
544,550
545,551
546,552
547,553
548,554
549,555
550,556
551,557
552,558
553,559
554,560
555,561
556,562
557,563
558,564
559,565
560,566
561,567
562,568
563,569
564,570
565,571
566,572
567,573
568,574
569,575
570,576
571,577
572,578
573,579
574,580
575,581
576,582
577,583
578,584
579,585
580,586
581,587
582,588
583,589
584,590
585,591
586,592
587,593
588,594
589,595
590,596
591,597
592,598
